 -0.577350269071758       0.512087708339095       -1.00000000000000     
 -0.999557730741799      -0.339345816522837       -1.00000000000000     
  0.330762208439410       0.256783576682210       -1.00000000000000     
  0.699490471743047       0.371462039649487       -1.00000000000000     
  0.756432962603867      -0.863251926377416        1.00000000000000     
  0.121697212569416       0.324713874608278       -1.00000000000000     
  0.452701353468001      -0.602971231564879        1.00000000000000     
  8.851463254541159E-002 -0.535850420594215        1.00000000000000     
 -0.537552560679615      -0.567073473706841        1.00000000000000     
  0.766777562908828       0.305026989430189        1.00000000000000     
 -0.384781851433218       0.865923242643476       -1.00000000000000     
 -0.570798427797854      -0.374716006219387        1.00000000000000     
 -0.276727798394859      -0.415546672418714        1.00000000000000     
  0.132849763147533      -3.470560535788536E-002   1.00000000000000     
 -0.335656217299402       0.187018940225244       -1.00000000000000     
  3.068319521844387E-003 -0.126282483339310        1.00000000000000     
 -0.461375038139522       0.265148973092437       -1.00000000000000     
 -0.189609196968377       0.836941566318274       -1.00000000000000     
 -0.912533133290708      -3.629821352660656E-002  -1.00000000000000     
 -0.472088799811900      -0.170379258692265       -1.00000000000000     
