   35.0000000000000        71.0000000000000       -1.00000000000000     
   36.0000000000000        41.0000000000000       -1.00000000000000     
   61.0000000000000        65.0000000000000       -1.00000000000000     
   3.00000000000000        57.0000000000000       -1.00000000000000     
   71.0000000000000        46.0000000000000        1.00000000000000     
   47.0000000000000        6.00000000000000        1.00000000000000     
   9.00000000000000        1.00000000000000        1.00000000000000     
   35.0000000000000        67.0000000000000       -1.00000000000000     
   14.0000000000000        21.0000000000000       -1.00000000000000     
   40.0000000000000        40.0000000000000        1.00000000000000
   56.0000000000000        55.0000000000000        1.00000000000000     
   8.00000000000000        54.0000000000000       -1.00000000000000     
   9.00000000000000        62.0000000000000       -1.00000000000000     
  0.000000000000000        72.0000000000000       -1.00000000000000     
   67.0000000000000        68.0000000000000       -1.00000000000000     
   95.0000000000000        12.0000000000000        1.00000000000000     
   73.0000000000000        8.00000000000000        1.00000000000000     
   80.0000000000000        3.00000000000000        1.00000000000000     
   65.0000000000000        74.0000000000000       -1.00000000000000     
   22.0000000000000        98.0000000000000       -1.00000000000000     
