   77.0000000000000        24.0000000000000        1.00000000000000     
   21.0000000000000        11.0000000000000        1.00000000000000     
   70.0000000000000        42.0000000000000        1.00000000000000     
   50.0000000000000        75.0000000000000       -1.00000000000000     
   99.0000000000000        18.0000000000000        1.00000000000000     
   30.0000000000000        38.0000000000000       -1.00000000000000     
   72.0000000000000        95.0000000000000       -1.00000000000000     
   47.0000000000000        19.0000000000000        1.00000000000000     
   26.0000000000000        44.0000000000000       -1.00000000000000     
   72.0000000000000        88.0000000000000       -1.00000000000000     
   4.00000000000000        43.0000000000000       -1.00000000000000     
   32.0000000000000        37.0000000000000       -1.00000000000000     
   15.0000000000000        68.0000000000000       -1.00000000000000     
   53.0000000000000        40.0000000000000        1.00000000000000     
   0.000000000000000       31.0000000000000       -1.00000000000000     
   79.0000000000000        96.0000000000000       -1.00000000000000     
   67.0000000000000        29.0000000000000        1.00000000000000     
   82.0000000000000        2.00000000000000        1.00000000000000     
   87.0000000000000        32.0000000000000        1.00000000000000     
   57.0000000000000        57.0000000000000        1.00000000000000
