 -0.438700395636261      -0.743988307192922        1.00000000000000     
  0.556625719182193      -0.576193910092115        1.00000000000000     
 -0.775729066692293       0.371379191055894       -1.00000000000000     
 -0.693756663240492       0.394170120358467       -1.00000000000000     
  0.683103685267270      -0.187595048919320        1.00000000000000     
 -0.181034904904664       0.756825160235167       -1.00000000000000     
 -0.772328062914312      -0.600332451984286        1.00000000000000     
  0.123732148669660       0.179235465824604       -1.00000000000000     
  0.370795932598412       0.781244946643710       -1.00000000000000     
  8.442561142146587E-003 -0.301276918500662        1.00000000000000     
 -0.225244245491922       0.844579735770822       -1.00000000000000     
  0.897636852227151      -0.312932550907135        1.00000000000000     
 -0.247976253740489       0.468188112601638       -1.00000000000000     
 -0.476847705431283      -1.301232725381851E-003  -1.00000000000000     
 -0.472284316085279       5.071261711418629E-002  -1.00000000000000     
  7.524596061557531E-002 -0.760014899075031        1.00000000000000     
 -0.548739301972091       0.254818616434932       -1.00000000000000     
  0.521686519496143      -0.902886759489775        1.00000000000000     
  0.344789945520461      -0.596565460786223        1.00000000000000     
 -0.217685216106474       0.660063311457634       -1.00000000000000     
