 -0.327679450623691       0.067375322803854       -1.00000000000000     
 -0.592187208123505      -0.682002056390047        1.00000000000000     
 -0.963636978529394      -0.180325878784060       -1.00000000000000     
 -0.978833080269396      -0.606938056647778        1.00000000000000     
 -0.454880925826728      -0.312468992546201        1.00000000000000     
 -0.593259592540562      -0.397611077874899        1.00000000000000     
 -0.447480819188058      -0.411093851551414        1.00000000000000     
  0.143614790402353      -0.571645975112915        1.00000000000000     
  0.379092325456440       0.171114569529891        1.00000000000000     
 -0.159175393171608      -0.144485596567392        1.00000000000000     
 -0.363082825206220       0.152378888800740       -1.00000000000000     
 -0.149019555188715       0.952396325767040       -1.00000000000000     
 -0.496207999996841      -0.121774198487401       -1.00000000000000     
 -0.848139260895550      -0.488123964518309        1.00000000000000     
 -0.865876651369035       0.530226314440370       -1.00000000000000     
 -0.916527681984007      -0.312345638871193       -1.00000000000000     
 -0.605966533534229      -0.575420269742608        1.00000000000000     
 -0.371920299716294       0.564325075596571       -1.00000000000000     
 -0.891813530586660       0.838041381910443       -1.00000000000000     
 -0.079296858049929      -0.401462994515896        1.00000000000000     
