   21.0000000000000        76.0000000000000       -1.00000000000000     
  0.000000000000000E+000   33.0000000000000       -1.00000000000000     
   67.0000000000000        63.0000000000000        1.00000000000000     
   85.0000000000000        69.0000000000000        1.00000000000000     
   88.0000000000000        7.00000000000000        1.00000000000000     
   56.0000000000000        66.0000000000000       -1.00000000000000     
   73.0000000000000        20.0000000000000        1.00000000000000     
   54.0000000000000        23.0000000000000        1.00000000000000     
   23.0000000000000        22.0000000000000        1.00000000000000     
   88.0000000000000        65.0000000000000        1.00000000000000     
   31.0000000000000        93.0000000000000       -1.00000000000000     
   21.0000000000000        31.0000000000000       -1.00000000000000     
   36.0000000000000        29.0000000000000        1.00000000000000     
   57.0000000000000        48.0000000000000        1.00000000000000     
   33.0000000000000        59.0000000000000       -1.00000000000000     
   50.0000000000000        44.0000000000000        1.00000000000000     
   27.0000000000000        63.0000000000000       -1.00000000000000     
   41.0000000000000        92.0000000000000       -1.00000000000000     
   4.00000000000000        48.0000000000000       -1.00000000000000     
   26.0000000000000        41.0000000000000       -1.00000000000000     
